45091.36935407296
28104.78719189251
28858.20266880421
20299.601581514813
27924.560351330787
47937.25592003204
40615.45082640555
29727.97157849325
42296.255640323274
18467.435810527764
50098.580841907766
18497.766333832406
47411.06682963157
37012.49848111672
28816.00998401502
37376.38422939228
38813.97290787147
30798.007039400283
29737.620002815966
53844.83932241192
51666.1268604435
23009.402451840695
20039.033197705634
50697.00842554821
18859.449704987463
7796.225994102657
48476.048118584324
29639.237809225917
16031.367690266576
20535.238065718208
23490.893149097916
47104.567807943095
24204.07573156897
50211.552330905106
42166.81089214608
26549.187778304797
55571.426415770315
35737.56309995847
44111.01124598738
21691.392050471622
24696.075489892624
28375.01966347173
37775.90356188547
15124.024254041724
47470.979397099465
49684.2508414397
18016.187162317336
42738.78471512534
25157.98076487612
27071.437241058797
48342.32252915669
53191.87764482573
26671.527997429017
44063.08126889262
25744.690150312148
30729.12838654127
31158.94903471647
58042.979998945724
27444.837982673664
45566.00009738933
41390.14240308292
27943.571981869638
32113.058411128353
30501.99242448574
26270.312752322294
54704.30514915194
25960.431397274137
53884.48841069639
37167.72537262784
44549.437623025384
22369.03866489511
16704.089871182572
20347.72849277826
41649.03189943731
41684.33653952833
32625.989514058456
34293.96833235305
29998.188386625145
43348.073272319045
33359.50975372922
35757.66011877125
28259.01495683333
24191.35317218583
27589.80050669005
26441.192972335964
25053.416807733942
42245.2637816295
26192.733294739388
32366.314522828907
25071.684266091324
46509.808598820586
49831.061695674434
16272.233628898393
38983.36293386435
